1.687613e+01  6.405706e-01  3.038236e+00  1.066938e+02
9.999604e+00  7.864537e-01  2.114173e+00  3.734367e+01
9.285085e+00  6.700082e-01  2.259386e-01  9.507227e+01
4.822735e+00  6.879686e-01  3.129329e+00  1.596532e+01
3.674477e+00  5.131123e-01  9.299574e-01  3.154155e+01
1.355307e+01  5.033308e-01  1.539480e+01  1.833610e+01
1.800989e+00  2.024864e-01  1.267807e+00  1.612028e+01
7.640398e+00  3.173038e-01  3.359742e+00  1.045588e+01
1.223072e+01  6.158317e-01  3.745550e+00  3.753306e+01
1.202525e+01  3.095481e-01  3.587476e+00  2.885569e+01
1.211736e+01  1.108211e+00  4.241206e+00  3.346985e+01
2.042895e+01  8.842656e-01  7.391969e+00  7.911211e+01
6.420754e+00  6.885448e-01  4.691315e-01  3.457173e+01
3.168994e+00  3.957550e-01  6.564089e-01  1.443645e+01
9.604672e+00  1.796810e+00  3.555325e+00  2.444814e+01
6.652175e+00  9.409205e-01  1.664868e+00  2.084979e+01
2.530632e+01  1.311913e+00  1.860986e+01  6.272153e+01
6.280285e+00  2.785403e-01  8.589581e-01  3.415853e+01
1.326216e+01  1.394578e+00  2.947142e+00  6.437436e+01
9.327930e+00  6.299650e-01  1.044628e+00  1.645084e+02
7.788736e+00  3.345928e-01  5.345044e+00  1.111530e+01
7.122237e+00  4.233930e-01  1.401232e+00  3.031914e+01
4.428379e+00  2.215449e-01  1.325678e+00  8.002461e+00
1.042024e+01  7.448293e-01  5.079801e+00  2.480970e+01
1.462321e+01  9.810489e-01  4.699352e+00  2.647975e+01
1.077313e+01  1.114619e+00  2.465151e+00  7.475621e+01
1.048020e+01  6.954035e-01  9.915794e-01  1.083638e+02
4.260675e+00  6.530673e-01  6.797182e-01  3.305664e+01
5.485151e+00  6.198695e-01  7.434836e-01  5.196091e+01
6.094042e+00  4.298180e-01  4.806521e+00  8.183240e+00
1.978700e+01  5.524980e-01  2.968576e+00  1.700695e+02
6.200865e+00  5.200390e-01  9.468365e-01  1.818115e+01
3.017938e+00  3.158545e-01  3.324912e+00  8.317533e+00
3.219786e+01  4.861537e+00  7.233895e+00  4.798378e+01
4.025624e+00  4.050419e-01  1.107858e+00  2.462031e+01
1.553886e+01  4.998861e-01  8.238602e+00  3.550145e+01
1.396936e+01  1.235963e+00  1.890726e+00  4.004674e+01
3.223943e+00  3.044811e-01  1.305584e+00  1.175921e+01
7.780494e+00  5.594725e-01  2.202319e+00  3.092173e+01
5.597551e+00  3.703796e-01  1.125272e+01  8.778948e+00
6.834136e+00  7.273302e-01  5.192329e+00  1.193138e+01
1.072859e+01  1.336204e+00  2.498105e-03  2.441370e+02
2.661758e+01  1.378320e+00  2.034868e+01  6.306587e+01
7.555918e+00  6.860090e-01  2.519807e+00  2.629036e+01
1.797291e+00  3.450090e-01  1.513759e-01  6.149912e+00
5.034176e+00  5.001824e-01  3.359742e+00  8.221118e+00
9.437375e+00  6.874945e-01  1.248249e+00  5.456068e+01
8.087253e+00  8.332886e-01  4.032227e+00  3.701655e+01
4.118630e+00  2.781956e-01  1.214223e+00  1.835332e+01
6.331621e+00  3.261858e-01  1.478394e+00  1.154056e+01
1.713594e+01  5.160811e-01  2.711371e+00  8.947675e+01
6.405414e+00  7.841868e-01  2.484709e+00  2.945829e+01
5.829211e+00  3.217893e-01  1.094729e+00  1.833610e+01
2.208167e+01  2.304171e+00  8.846785e+00  5.388921e+01
5.786863e+00  4.117483e-01  6.304205e+00  1.034570e+01
2.991958e+00  5.249915e-01  1.420255e-01  5.180595e+01
3.249121e+00  3.643365e-01  2.270907e+00  1.983398e+01
3.403497e+00  1.946106e-01  1.006583e+00  1.463273e+01
1.067290e+01  5.048537e-01  1.383817e+00  4.233660e+01
5.331118e+00  4.101504e-01  3.825926e+00  4.109698e+01
7.334285e+00  6.612165e-01  9.396026e-01  5.256350e+01
5.926277e+00  4.169692e-01  9.310291e-01  4.600382e+01
1.795215e+00  2.325892e-01  1.707735e-01  1.060395e+01
9.075238e+00  4.024449e-01  1.161978e+00  5.120336e+01
2.124963e+00  2.718609e-01  1.735063e-01  4.998095e+01
6.198524e+00  3.394231e-01  9.596967e-01  6.935007e+01
3.598729e+00  5.235404e-01  2.247062e-01  1.997172e+01
5.364652e+00  2.761130e-01  8.696749e-01  1.900757e+01
1.304618e+01  3.210190e-01  1.723810e+00  5.552483e+01
9.138780e+01  1.653697e+00  4.527882e+01  7.279348e+01
1.380419e+01  1.163995e+00  9.015576e+00  4.008117e+01
3.064163e+00  4.033755e-01  7.308913e-01  1.830167e+01
6.700862e+00  1.144048e+00  4.621655e+00  3.541537e+01
4.067450e+00  5.953473e-01  4.005434e-01  3.858330e+01
2.332969e+01  3.818082e+00  5.232517e+00  4.080429e+01
3.297841e+00  1.560418e-01  5.537948e-01  1.682617e+01
9.594920e+00  7.954851e-01  7.134764e-02  1.037669e+02
4.332392e+00  3.322228e-01  7.587552e-01  4.624486e+01
1.225108e+01  5.418027e-01  2.250545e+00  4.016726e+01
8.584982e+00  5.788679e-01  6.376544e+00  2.396606e+01
6.210354e+00  4.561773e-01  7.437516e+00  9.834350e+00
5.545908e+00  5.502364e-01  1.317641e+00  4.652033e+01
4.645762e+00  4.142070e-01  6.063076e-01  3.439957e+01
9.569864e+00  2.713976e-01  2.171776e+00  4.715736e+01
1.047107e+01  8.336398e-01  5.556703e-01  9.054420e+01
1.147654e+01  8.596443e-01  2.113905e+00  1.093452e+02
2.070433e+01  8.541540e-01  5.240555e-01  1.453803e+02
8.921347e+00  2.616435e-01  9.913115e+00  1.992007e+01
4.938328e+00  4.219843e-01  2.789068e+00  6.583781e+00
8.038520e+00  6.732263e-01  3.528533e+00  5.182317e+01
4.375308e+00  2.665628e-01  4.198338e-02  7.196706e+01
5.228110e+00  5.248332e-01  9.120066e-01  3.829061e+01
8.063751e+00  3.825879e-01  3.766984e+00  2.728894e+01
1.639285e+01  1.218100e+00  6.360469e+00  3.462339e+01
1.267680e+01  8.502300e-01  1.972710e+00  6.158521e+01
1.181599e+00  1.200000e-01  6.572127e-03  2.582550e+01
7.030005e+00  4.644045e-01  1.844643e+00  2.329460e+01
7.202743e+00  4.606818e-01  9.747004e-01  2.926890e+01
6.496197e+00  8.655408e-01  2.210625e+00  1.740639e+01
5.401698e+00  3.769315e-01  1.260037e+00  3.725759e+01
1.704796e+01  4.784920e-01  9.248668e+00  2.203776e+01
6.634319e+00  4.096370e-01  2.762276e-01  7.114064e+01
3.123230e+00  1.728529e-01  1.018640e+00  9.090576e+00
3.842106e+00  3.006624e-01  5.773720e-01  5.029086e+01
1.252571e+01  6.355492e-01  3.485666e+00  4.044273e+01
1.515800e+01  8.783994e-01  2.465686e+00  1.309181e+02
2.140847e+01  1.274285e+00  3.499062e+00  2.095309e+02
2.271809e+00  2.011829e-01  8.552071e-01  5.338992e+00
3.880352e+00  4.055545e-01  2.764955e+00  9.944539e+00
1.250661e+01  6.214586e-01  3.389214e+00  4.355901e+01
2.623437e+01  1.353541e+00  1.051594e+01  5.475006e+01
5.688853e+00  3.103559e-01  3.624985e-01  2.713399e+01
9.881772e+00  4.596350e-01  3.295441e+00  3.037079e+01
4.373387e+00  4.925177e-01  1.380066e+00  5.006704e+01
3.237288e+00  2.827000e-01  2.026026e+00  1.262695e+01
2.168683e+00  2.597092e-01  7.876908e-01  1.001513e+01
5.789276e+00  4.494374e-01  1.383549e+00  4.822482e+01
1.862921e+01  1.264344e+00  4.627013e+00  7.317225e+01
3.014210e+00  3.055707e-01  3.713399e-01  3.894485e+01
2.733787e+00  4.478378e-01  2.325295e+00  5.796964e+00
7.582283e+00  1.267078e+00  8.377922e-01  5.685053e+01
8.795203e+00  6.988002e-01  2.730125e+00  5.848615e+01
9.553567e+00  6.142231e-01  2.240364e+00  4.605547e+01
2.642535e+00  3.616133e-01  9.677344e-01  1.855993e+01
5.721928e+00  4.052525e-01  6.081830e-01  5.027364e+01
2.570618e+01  1.661401e+00  1.533318e+00  1.195893e+02
7.428301e+00  4.461114e-01  7.976039e-01  1.161975e+02
4.999071e+00  4.060911e-01  1.038198e+00  2.768494e+01
1.996421e+00  3.875687e-01  1.017568e-01  4.304250e+01
3.284981e+00  4.437849e-01  3.340988e+00  1.983398e+01
6.882376e+00  9.719973e-01  1.712022e+00  1.388379e+02
8.466434e+00  1.023824e+00  1.535193e+00  5.607577e+01
2.784992e+00  4.292556e-01  7.927813e-02  2.537786e+01
6.557828e+00  8.110540e-01  9.363875e-01  3.254013e+01
3.995016e+00  7.869450e-01  1.008726e+00  2.582550e+01
1.223724e+01  1.074568e+00  3.405289e+00  7.983523e+01
8.625970e+00  7.771720e-01  9.548741e-01  4.734675e+01
9.414977e+00  4.253785e-01  3.665173e+00  2.572220e+01
1.441097e+01  8.042864e-01  1.495541e+00  6.590668e+01
2.287030e+00  2.608588e-01  4.506448e-01  1.241862e+01
6.252392e+00  3.864598e-01  1.003904e+00  2.601489e+01
2.174853e+01  3.560784e+00  7.394648e-01  6.266988e+01
7.434988e+00  4.270799e-01  3.062349e+00  4.180288e+01
1.246048e+01  8.338726e-01  1.024802e+00  6.926399e+01
5.466542e+00  6.715174e-01  1.846251e-01  8.997604e+01
4.178280e+00  4.051112e-01  5.382553e-01  2.124578e+01
4.059716e+00  4.861733e-01  2.893558e+00  1.475153e+01
5.501497e+00  3.457176e-01  2.609025e+00  1.930026e+01
3.765010e+01  2.106486e+00  1.093926e+01  6.418498e+01
2.722630e+01  7.643591e-01  8.546713e+00  2.355286e+02
2.696849e+00  3.899093e-01  2.271175e+00  2.250262e+01
2.730112e+00  3.721130e-01  4.209055e-01  2.787432e+01
9.267722e+00  5.729906e-01  1.033643e+00  4.292198e+01
7.895722e+00  8.126393e-01  5.412025e+00  3.696490e+01
1.022198e+01  4.966474e-01  1.172159e+00  4.448873e+01
2.725074e+00  4.391498e-01  8.450261e-02  4.562505e+01
6.447681e+00  4.560127e-01  3.172197e-01  2.746111e+01
1.444624e+01  1.297564e+00  1.723274e+00  5.883049e+01
6.431342e+00  7.800262e-01  1.656830e-01  1.258391e+02
7.981947e+00  8.699339e-01  3.424044e+00  3.832504e+01
8.475921e+00  8.868067e-01  7.673287e-02  9.851567e+01
2.174195e+00  2.355317e-01  1.424809e-01  2.033328e+01
3.322271e+00  3.970060e-01  1.718988e-01  7.449796e+01
4.722189e+00  8.099624e-01  6.253300e-01  2.987150e+01
2.894200e+00  5.340427e-01  5.947869e-01  1.576905e+01
7.239671e+00  4.273172e-01  5.966624e-01  5.709157e+01
4.762437e+00  5.786472e-01  1.007387e+00  2.536064e+01
4.717381e+00  3.711236e-01  1.078386e-01  6.638875e+01
2.988797e+00  5.430915e-01  2.807823e+00  2.041936e+01
4.329230e+00  4.647737e-01  1.387300e+00  2.145238e+01
2.855839e+00  4.801072e-01  2.853370e-01  1.630966e+01
3.731705e+00  7.327273e-01  7.386610e-01  5.580030e+01
1.058681e+01  8.016148e-01  7.418761e+00  1.255980e+01
6.808284e+00  1.191116e+00  1.065794e+00  4.385170e+01
1.421218e+01  4.821768e-01  2.255903e+00  3.584580e+01
1.134117e+01  1.061782e+00  3.263290e+00  1.988564e+02
1.696786e+01  8.188247e-01  1.732116e+01  2.389720e+01
4.710914e+00  5.207066e-01  8.972709e-01  3.334933e+01
2.662511e+01  1.174682e+00  7.091896e-01  1.806063e+02
2.814584e+00  5.028997e-01  3.466911e-01  1.680896e+01
6.009832e+00  1.054752e+00  4.493052e+00  2.746111e+01
5.808788e+00  6.008404e-01  1.969495e-01  1.274747e+02
1.017865e+01  9.652036e-01  3.900945e+00  4.033943e+01
5.948805e+00  9.349013e-01  7.603627e-02  7.995575e+01
9.110689e+00  4.028497e-01  5.856775e-01  5.731539e+01
1.994471e+00  2.507689e-01  4.034906e-01  3.164485e+01
3.685969e+00  4.058853e-01  1.395338e+00  1.635443e+01
6.892104e+00  5.899994e-01  2.652696e+00  1.684856e+01
9.594700e+00  1.244403e+00  4.278715e+00  4.278424e+01
6.436661e+00  9.184263e-01  2.076932e+00  6.370290e+01
4.604961e+00  5.117732e-01  1.108661e+00  2.622149e+01
6.642064e+00  4.615127e-01  1.116967e-01  9.226590e+01
3.511204e+00  3.123849e-01  1.106518e-01  4.502245e+01
4.147981e+00  4.284352e-01  9.680023e-01  1.351190e+01
6.586384e+00  1.036026e+00  1.952884e-01  7.888829e+01
5.601711e+00  2.903651e-01  5.950548e-01  2.744390e+01
8.496037e+00  7.871199e-01  2.890879e+00  5.958804e+01
2.980534e+01  2.554121e+00  4.233168e+00  1.170928e+02
2.922741e+00  4.537985e-01  7.241933e-01  1.662646e+01
5.003956e+00  7.233954e-01  2.850690e+00  1.776794e+01
1.489709e+01  7.894892e-01  1.471964e+00  6.730125e+01
6.420942e+01  2.507201e+00  6.497109e+00  3.386584e+02
5.676108e+00  4.709695e-01  2.067019e-01  5.709157e+01
6.306100e+00  3.813162e-01  1.871971e+00  1.764742e+01
8.375199e+00  1.330242e+00  7.903700e-01  5.580030e+01
1.294910e+01  1.210761e+00  1.103571e+00  9.696614e+01
8.305818e+00  6.946263e-01  4.758295e-01  3.572528e+01
1.008491e+01  5.533815e-01  2.797106e+00  5.979464e+01
1.152011e+01  1.241363e+00  1.148046e+00  7.780363e+01
5.876299e+00  5.032265e-01  2.373789e-01  4.138967e+01
7.113423e+00  2.500288e-01  1.099016e+00  2.381111e+01
2.330078e+00  3.970481e-01  8.771767e-02  1.526804e+01
5.267770e+00  5.310836e-01  1.831515e-01  4.757057e+01
1.433656e+01  1.421072e+00  1.803651e+00  5.673002e+01
8.139873e+00  5.062547e-01  2.127033e+00  3.539815e+01
9.814867e+00  1.196684e+00  2.509358e+00  9.521001e+01
4.570546e+00  5.390173e-01  4.693994e+00  1.546948e+01
4.713697e+00  5.166583e-01  1.783825e+00  3.155876e+01
8.789443e+00  1.726756e+00  1.983427e+00  5.056633e+01
3.917235e+00  6.480615e-01  5.634400e-01  2.143517e+01
6.187001e+00  4.873935e-01  4.916369e-01  3.594910e+01
4.589021e+00  8.215245e-01  5.875530e+00  4.958496e+01
5.977487e+00  5.856817e-01  1.614498e+00  3.414131e+01
3.308686e+00  5.547913e-01  2.896237e+00  7.995575e+01
9.261965e+00  7.457757e-01  1.016496e+00  6.702578e+01
8.149252e+00  8.478303e-01  9.972057e-01  2.214106e+01
7.467372e+00  6.987052e-01  9.781833e-01  5.099676e+01
1.820503e+01  1.156262e+00  5.106594e+00  8.656707e+01
1.015143e+01  1.225621e+00  1.653347e+00  4.633095e+01
3.390888e+00  4.513887e-01  1.100356e+00  1.695358e+01
6.839662e+00  1.006287e+00  6.320281e-01  7.778641e+01
3.136851e+00  3.284415e-01  6.756993e-01  2.002337e+01
1.127761e+01  4.569664e-01  2.687258e+00  3.686160e+01
2.611181e+01  1.433682e+00  3.740191e+00  1.248405e+02
2.303888e+00  3.560077e-01  1.538408e-01  3.207527e+01
8.269223e+00  9.167907e-01  9.974737e-01  5.013591e+01
1.146866e+01  8.199221e-01  1.523405e+00  3.606961e+01
3.975847e+00  4.082417e-01  1.218777e-01  4.185453e+01
3.318138e+00  6.006635e-01  7.515213e-01  1.651627e+01
8.227991e+00  6.003989e-01  8.305583e-01  8.508641e+01
1.500426e+01  7.683322e-01  1.877865e+00  4.887906e+01
8.445000e+00  4.309906e-01  8.281470e-01  8.110929e+01
1.290101e+01  4.901308e-01  3.249894e-01  1.849106e+02
1.313346e+01  1.023147e+00  1.617177e-01  1.764743e+02
1.329553e+01  2.001071e+00  5.425421e-01  1.338105e+02
8.683308e+00  8.772552e-01  1.829104e+00  4.927505e+01
2.750645e+00  2.842499e-01  1.326482e-01  2.591158e+01
1.279740e+01  7.690767e-01  1.607800e+00  8.021400e+01
4.059336e+00  6.390606e-01  2.229111e-01  1.428494e+02
1.926120e+00  3.064941e-01  7.405365e-02  2.350121e+01
2.044888e+01  8.615772e-01  5.733532e+00  5.889935e+01
1.767762e+01  1.122527e+00  2.853370e+00  1.085532e+02
1.065341e+01  4.273084e-01  1.040073e+00  5.872719e+01
8.408558e+00  8.522675e-01  2.345657e+00  2.453423e+01
5.605186e+00  3.885375e-01  9.988133e-01  3.264343e+01
1.108281e+01  5.429527e-01  1.118842e+00  6.485644e+01
7.380572e+00  5.159428e-01  1.170283e+00  2.759885e+01
1.979193e+01  5.137098e-01  9.985454e-01  2.134908e+02
2.251865e+01  1.647784e+00  5.245913e+00  1.435898e+02
7.052308e+00  5.026504e-01  1.833391e-01  1.092935e+02
1.388520e+01  1.165978e+00  2.035672e-01  1.080539e+02
1.426299e+01  1.974318e+00  2.783710e+00  1.257874e+02
4.786299e+00  4.753999e-01  3.595514e-01  3.711985e+01
2.493226e+01  2.260302e+00  3.981321e+00  1.667466e+02
6.439713e+00  8.028403e-01  1.211275e+00  7.189819e+01
1.975162e+01  6.748184e-01  1.343629e+00  1.671943e+02
9.751969e+00  4.048253e-01  4.919049e+00  2.932055e+01
4.771993e+00  3.298076e-01  1.708003e-01  4.536680e+01
4.364915e+00  6.201275e-01  5.824625e-01  6.613050e+01
3.043065e+00  3.380313e-01  2.213572e-01  3.699933e+01
1.236638e+01  1.083610e+00  2.754238e+00  6.857531e+01
1.516395e+00  2.120915e-01  3.614268e-03  1.628040e+01
6.773480e+00  1.134655e+00  8.482412e-01  1.087254e+02
1.721260e+01  8.978818e-01  5.047651e+00  7.234583e+02
2.498100e+00  4.393665e-01  2.307077e-01  2.083257e+01
2.979226e+00  3.329677e-01  1.667547e-01  4.595217e+01
8.911677e+00  6.504615e-01  2.684579e+00  2.725451e+01
3.502635e+00  3.951421e-01  1.753014e-01  4.982600e+01
2.297656e+00  3.406101e-01  1.519386e-01  1.878375e+01
5.373525e+00  5.353280e-01  3.177555e+00  3.436513e+01
5.691114e+00  3.983388e-01  2.372985e+00  1.700695e+01
1.897860e+00  3.689865e-01  5.403987e-01  4.071820e+01
2.982945e+00  4.267578e-01  2.118727e-01  4.729510e+01
3.467216e+00  3.453251e-01  1.403376e+00  7.864726e+00
4.519261e+00  3.934077e-01  1.281471e+00  3.674108e+01
4.065044e+01  1.880174e+00  4.543958e+00  1.909365e+02
1.578684e+01  5.358690e-01  6.282771e-01  1.203813e+02
4.525780e+01  1.913898e+00  2.555172e+00  4.810430e+02
9.031061e+00  3.948526e-01  4.986029e-01  5.290784e+01
6.673369e+00  6.626411e-01  2.169365e+00  8.381236e+01
3.560272e+00  3.119070e-01  6.639108e-01  2.449979e+01
5.580854e+00  3.097605e-01  4.466260e+00  5.628237e+00
6.566601e+00  4.432869e-01  1.923680e-01  6.070714e+01
1.572191e+01  1.072220e+00  1.077047e+00  3.066348e+02
7.946457e+00  6.483629e-01  3.198989e+00  2.453423e+01
3.975486e+00  1.721441e-01  7.124047e-02  1.595327e+01
7.061904e+00  3.253306e-01  4.951199e-01  8.198736e+01
1.734232e+01  9.019142e-01  2.839973e-01  1.847384e+02
7.254714e+00  9.972217e-01  2.320740e+00  8.925293e+01
8.959592e+00  8.860327e-01  7.271403e-01  7.611636e+01
3.100767e+01  3.204089e+00  3.257932e+00  1.017180e+02
3.949687e+00  3.622462e-01  7.925134e-01  2.150403e+01
7.412843e+00  5.523916e-01  5.720135e-01  4.106255e+01
1.885031e+01  8.137375e-01  2.201247e+00  1.147341e+02
7.466136e+00  4.827336e-01  1.492594e+00  5.079015e+01
3.388344e+00  3.801901e-01  1.851609e-01  5.199534e+01
3.225144e+00  4.927560e-01  9.420138e-01  6.265266e+01
5.468794e+00  6.671060e-01  2.046121e+00  4.397222e+01
7.456725e+00  1.092381e+00  5.039613e-01  6.988380e+01
5.403124e+00  5.545178e-01  1.136525e+00  3.150711e+01
3.110514e+00  4.908197e-01  3.239177e-01  3.198919e+01
3.882776e+00  2.638520e-01  1.579400e-01  4.326632e+01
1.030040e+01  7.320888e-01  8.728900e-02  1.018386e+02
8.701507e+00  3.120108e-01  6.186319e-01  4.743284e+01
6.894970e+00  9.822576e-01  4.964595e+00  8.420834e+01
4.183983e+00  3.742865e-01  8.043019e-02  3.928919e+01
2.918776e+00  4.464231e-01  5.320931e-02  8.453547e+01
7.422939e+00  4.198560e-01  2.560531e+00  2.009224e+01
1.150614e+01  5.017339e-01  4.131358e+00  3.152433e+01
6.790705e+00  3.583419e-01  7.665249e-01  4.126915e+01
9.477155e+00  1.356623e+00  2.158648e+00  3.739532e+01
